1 81036U          18355.39503398 +.00000758 +00000-0 +15226-2 0  9998
2 81036 066.0755 028.2341 2726228 056.9035 326.4699 09.11944740168706
1 81037U          18355.32243763 +.00001518 +00000-0 +14300-3 0  9997
2 81037 062.2020 334.3745 0273248 075.3722 287.7483 14.74504349831051
1 81052U          18354.11612494 +.00000543 +00000-0 +21442-3 0  9993
2 81052 065.7800 173.2328 0640679 085.2590 282.1284 13.59819278775482
1 81067U          18353.15744411 +.00001159 +00000-0 +64908-3 0  9995
2 81067 099.1108 070.8703 0050941 342.1936 017.7448 14.12133535201725
1 81069U          18347.58428677 +.00000812 +00000-0 +14405-2 0  9991
2 81069 100.3415 119.1485 0068365 119.1472 241.6521 13.45002479171007
1 81073U          18355.43440862 -.00000300 +00000-0 -29777-3 0  9992
2 81073 061.5839 353.3190 4748006 120.4415 294.8909 05.80580343451392
1 81078U          18354.94417316 -.00000398 +00000-0 -10746-1 0  9991
2 81078 065.1156 328.5921 0188586 201.1556 190.0991 11.21451224844420
1 81096U 83075    18354.36431731 +.00002293 +00000-0 +19073-3 0  9995
2 81096 097.3713 315.2891 0204874 061.9384 300.2383 14.84669297227186
1 81111U          18355.20373947 +.00027036 +00000-0 +14190-2 0  9994
2 81111 062.7379 243.0058 4978670 261.5623 041.4490 05.73432831101196
1 81114U          18355.10820951 +.00013444 +00000-0 +46949-3 0  9994
2 81114 063.0201 248.8961 0056168 142.4183 218.0877 15.28382353240599
1 81123U 70025    18354.97395855 +.00000069 +00000-0 +11855-3 0  9999
2 81123 099.9632 262.7324 0002038 131.7024 228.4299 13.77198661255133
1 81134U          18354.62101564 -.00000007 +00000-0 -52090-4 0  9992
2 81134 090.3091 300.2273 0023548 211.7644 148.2054 12.92222025133328
1 81161U          18354.33347254 +.00001763 +00000-0 +20013-2 0  9994
2 81161 100.3915 303.8764 0060502 219.3844 140.2892 13.71118806770458
1 81167U          18352.83917340 +.00003689 +00000-0 +18769-1 0  9995
2 81167 062.5935 165.4189 3559184 175.7348 188.5145 07.43206973046215
1 81182U          18355.08470661 +.00120278 +00000-0 +80922-2 0  9997
2 81182 051.4061 265.0666 1904720 256.6607 081.5976 11.50411285157103
1 81199U          18341.52336404 +.00000890 +00000-0 +29061-3 0  9990
2 81199 096.6920 077.7164 0142920 077.0676 284.8375 14.34499731218974
1 81219U 81053    18354.11409454 +.00000098 +00000-0 +80264-4 0  9998
2 81219 082.9280 115.5877 0022736 183.5348 176.5653 13.79407635255828
1 81221U          18354.24511376 +.00000558 +00000-0 +28346-3 0  9998
2 81221 098.8183 279.6127 0116120 109.0049 252.3748 14.16388090162562
1 81228U          18354.61859131 +.00002508 +00000-0 +11949-2 0  9997
2 81228 070.5379 083.3206 0081560 130.4769 230.3500 14.18589930837768
1 81241U          18351.40768180 +.00000881 +00000-0 +47264-3 0  9991
2 81241 081.2258 244.5671 0039339 330.5238 029.3715 14.11853055113469
1 81247U 81053    18354.73307636 +.00003374 +00000-0 +96124-3 0  9997
2 81247 083.2488 138.6981 0032444 316.4141 043.4492 14.44737193266755
1 81254U 70025    18355.13357965 +.00002585 +00000-0 +20485-2 0  9996
2 81254 100.3760 066.8644 0080242 249.6439 109.6081 13.91008971257723
1 81264U          18352.27245500 +.00000535 +00000-0 +12103-3 0  9998
2 81264 099.4471 168.3679 0107681 130.5676 230.4953 14.57806778236299
1 81279U          18354.45227703 +.00000016 +00000-0 +24177-4 0  9990
2 81279 098.1459 241.1586 0223145 240.3958 117.4819 14.13387811102012
1 81301U          18355.14699899 +.00000038 +00000-0 +11326-3 0  9997
2 81301 066.7595 252.8249 0087342 147.2801 002.4927 13.75278993764142
1 81311U 90105    18355.55952753 +.00000052 +00000-0 +23697-4 0  9990
2 81311 098.6708 262.2435 0138306 316.1249 167.7756 14.52867759821245
1 81317U 80089    18355.53181946 +.00000067 +00000-0 +22048-3 0  9996
2 81317 067.1386 020.7323 0216426 010.6389 140.5211 13.36972980247902
1 81323U          18355.27092649 +.00000126 +00000-0 +52372-4 0  9990
2 81323 065.7792 301.5683 0508860 183.5098 176.2362 14.01569603753403
1 81329U          18354.06376450 -.00000426 +00000-0 -12981-3 0  9993
2 81329 065.8238 134.8812 0868180 092.8929 022.5132 13.12430012280837
1 81338U          18354.64173675 +.00013161 +00000-0 +10922-2 0  9991
2 81338 074.0276 074.2330 0014274 036.4110 323.8044 14.98740866179063
1 81341U          18352.18315712 +.00002649 +00000-0 +79660-2 0  9995
2 81341 099.5066 244.6827 0382483 136.0031 227.2192 12.85449400736164
1 81342U          18345.35607495 +.00000443 +00000-0 +28962-3 0  9999
2 81342 070.9001 245.8988 0165960 204.8024 154.5049 14.01147593748224
1 81343U          18355.56344376 +.00000312 +00000-0 +33603-4 0  9994
2 81343 085.8799 089.2520 0008909 283.3045 076.7185 14.84681995075106
1 81357U          18355.31040091 +.00000707 +00000-0 +76442-4 0  9995
2 81357 097.5079 297.1659 0206692 194.6645 164.8515 14.77034107157425
1 81358U          18354.01701625 -.00008005 +00000-0 -63113+0 0  9996
2 81358 062.5767 220.5580 0925421 089.3609 281.3025 09.81686927547452
1 81359U          18355.45290282 +.00000315 +00000-0 +38517-3 0  9996
2 81359 066.8010 002.1226 0128146 260.3932 098.2641 13.74744974805103
1 81361U          18354.79246812 +.00034000 +00000-0 +26462-2 0  9998
2 81361 098.5745 115.4197 0032216 285.2531 074.5129 15.00750074407746
1 81366U          18355.46903922 -.00000147 +00000-0 -16569-4 0  9996
2 81366 065.8880 297.6763 0751120 220.6392 133.6231 13.38677702724669
1 81371U          18355.14179867 +.00000225 +00000-0 +59534-4 0  9994
2 81371 098.8294 241.7827 0087555 253.9586 105.1955 14.57095888269830
1 81374U          18354.71308619 +.00000852 +00000-0 +33805-3 0  9996
2 81374 065.7312 108.8839 0039269 043.6863 316.7325 14.33632168669459
1 81380U          18353.14328095 +.00001386 +00000-0 +48948-3 0  9996
2 81380 099.8589 062.6774 0006075 214.7725 145.3060 14.36662359768014
1 81386U          18351.39240603 +.00000730 +00000-0 +37226-3 0  9994
2 81386 071.0569 354.8683 0117030 067.8812 293.4685 14.15427377755495
1 81390U          18346.95614892 +.00000261 +00000-0 +23881-2 0  9990
2 81390 103.1093 032.3791 0176782 285.8262 072.3368 12.34080239656917
1 81391U          18351.70409435 +.00000977 +00000-0 +45411-3 0  9993
2 81391 081.2086 339.5034 0015373 273.5516 086.3902 14.19913408217811
1 81392U          18353.24881244 +.00000970 +00000-0 +12196-2 0  9993
2 81392 100.4412 091.5368 0046391 307.2258 082.1814 13.66647961252630
1 81402U          18355.49905877 +.00001765 +00000-0 +78577-3 0  9992
2 81402 098.7641 004.2436 0006493 342.3628 017.7324 14.24134647081831
1 81405U          18352.14544443 +.00000303 +00000-0 +28945-3 0  9993
2 81405 099.4911 326.6847 0168952 139.4322 221.9565 13.82090855220739
1 81406U          18354.70034229 +.00000269 +00000-0 +14870-3 0  9997
2 81406 065.8138 077.1470 0893106 000.6952 359.5097 13.04391386719550
1 81409U 87068    18354.99756425 +.00001395 +00000-0 +54043-3 0  9996
2 81409 082.6676 190.7740 0065322 268.3382 091.0320 14.28310208263967
1 81418U          18354.26870709 +.00000390 +00000-0 +86812-3 0  9992
2 81418 100.3250 105.5920 0064514 227.2971 132.2708 13.34061402058748
1 81425U 70025    18355.23158874 +.00001171 +00000-0 +15032-2 0  9997
2 81425 099.4233 099.0355 0094328 185.4757 174.5362 13.63040100727615
1 81427U          18354.72328706 +.00000079 +00000-0 +76720-4 0  9990
2 81427 098.9067 265.6280 0088574 323.3974 036.1161 14.02961836194535
1 81438U          18347.55437823 +.00000936 +00000-0 +16867-2 0  9992
2 81438 100.3381 109.4971 0048067 120.6455 239.9425 13.43936894253689
1 81439U          18355.07967065 +.00000545 +00000-0 +16682-2 0  9996
2 81439 067.1624 021.2345 0607725 332.3221 024.6625 12.61069604233809
1 81441U          18352.62334422 +.00039200 +00000-0 +76236-3 0  9994
2 81441 062.9047 205.6392 0093865 111.2053 249.9126 15.42622361781943
1 81449U 85042    18354.38740702 +.00000447 +00000-0 +18913-3 0  9997
2 81449 066.8066 323.8950 0057645 277.9041 081.5520 14.33459531265065
1 81478U          18352.50668546 +.00000848 +00000-0 +40704-3 0  9995
2 81478 099.1503 179.6119 0179224 048.6530 018.2532 14.13525428261513
1 81481U          18355.48977539 +.00010393 +00000-0 +43223-2 0  9998
2 81481 098.7299 183.8341 0014105 097.0377 263.2408 14.26491312045681
1 81488U 75052    18354.87369248 +.00000118 +00000-0 +23506-3 0  9995
2 81488 100.0127 135.3306 0044982 182.9181 331.2074 13.55371135251259
1 81495U          18354.33185211 +.00009295 +00000-0 +84052-3 0  9999
2 81495 098.9186 300.5880 0026457 257.0229 102.8033 14.95448100179072
1 81497U          18354.96221132 +.00001095 +00000-0 +14026-2 0  9996
2 81497 100.3400 026.5124 0029235 315.1211 162.9237 13.65355861867008
1 81499U          18355.07983953 +.00000334 +00000-0 +12485-3 0  9990
2 81499 074.0540 235.4167 0004118 209.5815 150.5105 14.35637931115898
1 81509U          18355.04883574 +.00006036 +00000-0 +16826-2 0  9994
2 81509 098.9327 090.6357 0020778 088.2310 272.1260 14.46560177094092
1 81521U          18354.72628767 +.00004399 +00000-0 +97809-3 0  9994
2 81521 099.7271 311.2669 0007301 217.1020 264.6471 14.57602971268543
1 81535U          18355.58231477 +.00000034 +00000-0 +34268-4 0  9995
2 81535 098.2052 276.6965 0251787 275.9484 081.3044 14.07126133028604
1 81536U 73086    18354.89306851 +.00000288 +00000-0 +20964-2 0  9999
2 81536 101.9579 145.0656 0026731 131.5095 023.2247 12.53439544232239
1 81537U 93016    18351.64053335 +.00000154 +00000-0 +12008-3 0  9994
2 81537 071.0393 339.1548 0077361 030.1936 330.3606 14.05472937261752
1 81544U          18355.56145301 +.00112080 +00000-0 +59049-2 0  9990
2 81544 086.4235 074.3309 0069983 287.6290 071.7315 15.12996049057357
1 81545U          18355.49671739 +.00017317 +00000-0 +65694-2 0  9992
2 81545 098.7706 185.7896 0022412 022.9004 337.3172 14.30967667055807
1 81546U          18355.12557727 +.00001236 +00000-0 +16054-3 0  9993
2 81546 066.8077 254.4347 0020075 276.2084 083.6756 14.84420180750540
1 81552U          18355.49352387 +.00000561 +00000-0 +13231-2 0  9998
2 81552 099.0617 247.7193 0273503 352.7541 006.9660 13.14908398837556
1 81564U          18346.85263623 +.00001686 +00000-0 +77801-3 0  9998
2 81564 081.1875 035.2241 0036563 195.2217 164.7863 14.20287387201733
1 81569U 95015    18345.00480497 -.00000519 +00000-0 -34080-2 0  9996
2 81569 028.0769 259.1879 0313832 261.0538 196.5170 12.46208166233428
1 81579U          18355.58300888 +.00003808 +00000-0 +26948-2 0  9992
2 81579 100.0524 221.4559 0229278 112.5370 250.0224 13.86629432255765
1 81599U          18355.50190824 +.00000628 +00000-0 +12591-2 0  9999
2 81599 067.2946 015.6930 0255856 110.8477 037.9153 13.28631600793514
1 81605U          18345.65068360 +.00001357 +00000-0 +64892-2 0  9992
2 81605 056.4389 220.4701 0117677 313.4130 045.7045 12.76952089191125
1 81614U 76077    18353.93521290 -.00006613 +00000-0 -44150-1 0  9991
2 81614 101.5540 129.2760 0505023 162.7757 199.1146 12.17189394685066
1 81615U 92021    18354.91804528 +.00000273 +00000-0 +12881-3 0  9998
2 81615 065.8285 162.8218 0832171 221.2917 132.2259 13.22618808824468
1 81617U 73086    18352.51558628 +.00000004 +00000-0 +28663-3 0  9998
2 81617 101.3762 235.0489 0037130 236.0002 123.7543 12.56103938232687
1 81624U          18355.55058078 +.00000099 +00000-0 +47551-4 0  9995
2 81624 066.9890 192.8868 0091736 160.8246 199.6356 14.50624757868851
1 81626U          18355.62641037 +.00004413 +00000-0 +12167-2 0  9995
2 81626 071.0150 180.6092 0011259 066.2112 294.0208 14.47326518256617
1 81634U          18355.21913501 +.00152522 +00000-0 +76779-2 0  9991
2 81634 051.7892 286.9171 1701625 316.0706 031.6490 11.97653628208376
1 81640U          18354.91778057 +.00000132 +00000-0 +17446-3 0  9995
2 81640 065.8255 291.7835 0989173 028.3471 336.7874 12.55322728190015
1 81652U 76077    18354.08688506 +.00000269 +00000-0 +38973-3 0  9991
2 81652 102.1600 045.1881 0383818 275.7364 109.9733 13.41021505801100
1 81661U          18355.20307786 +.00001766 +00000-0 +53149-3 0  9992
2 81661 098.4387 263.3011 0074445 025.2926 335.1879 14.42238834165961
1 81667U          18354.18201339 +.00000271 +00000-0 +10050-3 0  9995
2 81667 074.0463 063.2830 0021006 273.9602 085.9150 14.36789272089727
1 81674U          18349.21015226 +.00000214 +00000-0 +18245-3 0  9990
2 81674 066.8256 276.6544 0035223 267.9214 163.3420 14.04591332805544
1 81678U          18355.63581225 +.00001564 +00000-0 +25841-3 0  9993
2 81678 065.8353 355.5055 0051267 023.7242 089.0507 14.72765137270945
1 81683U          18354.88637549 +.00000436 +00000-0 +12502-3 0  9993
2 81683 081.2239 056.3195 0030847 040.1250 320.2209 14.43155210267319
1 81693U 73086    18355.35585548 -.00000469 +00000-0 -32827-2 0  9991
2 81693 101.1012 309.9756 0357886 193.4386 165.6939 12.22567777656041
1 81696U          18355.44783742 +.00001861 +00000-0 +19556-3 0  9996
2 81696 097.3545 354.6660 0227924 011.7253 348.9139 14.73329872135530
1 81721U          18353.32004234 +.00005191 +00000-0 +15017-2 0  9999
2 81721 098.1882 127.0748 0374414 286.7397 069.3011 14.11087880169353
1 81732U          18354.11276804 +.00001106 +00000-0 +15125-3 0  9996
2 81732 065.7364 249.9625 0280340 153.9302 207.6238 14.59797518268999
1 81745U          18354.04722400 +.00000341 +00000-0 +15272-3 0  9993
2 81745 071.0034 136.4060 0008398 245.4618 229.6220 14.29525622789724
1 81749U          18345.95167029 -.00000019 +00000-0 +53512-4 0  9990
2 81749 099.6729 341.6357 0370531 040.5410 349.4844 12.76845846754503
1 81766U          18351.30749116 +.00000880 +00000-0 +44350-3 0  9992
2 81766 081.2011 356.9825 0013909 025.5493 334.6365 14.15544392197668
1 81775U          18355.30516407 +.00000666 +00000-0 +31382-3 0  9994
2 81775 082.9287 118.0629 0023955 029.1708 331.0804 14.18429196838096
1 81777U          18355.31510509 +.00003307 +00000-0 +42269-3 0  9995
2 81777 098.0441 040.5299 0005238 140.6505 219.5089 14.82084975049955
1 81779U          18345.57008950 +.00022640 +00000-0 +41969+0 0  9999
2 81779 053.8421 073.7252 2125490 248.2535 087.9584 09.18754158243665
1 81792U          18354.45911521 +.00000391 +00000-0 +17497-3 0  9990
2 81792 065.8258 013.7945 0924140 328.2010 026.6236 13.03773089877905
1 81794U          18354.22475151 +.00002593 +00000-0 +39551-3 0  9992
2 81794 081.1865 313.5016 0004988 103.1676 257.0086 14.73626480832004
1 81795U          18354.84921447 +.00038914 +00000-0 +24681-2 0  9998
2 81795 006.3445 178.9911 1877645 054.5807 321.5655 11.56615513138639
1 81798U          18355.13329468 +.00001740 +00000-0 +46565-3 0  9992
2 81798 074.0171 252.2731 0052429 230.9133 128.7357 14.48254698216575
1 81812U          18352.38595367 +.00000920 +00000-0 +72486-2 0  9995
2 81812 103.5115 332.5062 0316404 228.7334 128.6064 12.27525092738039
1 81813U          18355.06605445 +.00000500 +00000-0 +16391-3 0  9991
2 81813 099.0195 100.4593 0019508 130.9304 229.3576 14.42919178825871
1 81816U 77121    18355.38115774 +.00000548 +00000-0 +49721-3 0  9993
2 81816 066.2398 123.4715 0190664 287.1788 104.3836 13.83264166256402
1 81817U          18354.99133838 +.00001249 +00000-0 +15089-3 0  9992
2 81817 065.7255 180.3210 0337058 285.9080 070.5124 14.55108221736879
1 81818U          18355.53424358 +.00000645 +00000-0 +16951-3 0  9992
2 81818 065.7556 332.4035 0673445 030.5938 333.2649 13.68896565780595
1 81819U          18354.27510590 +.00000143 +00000-0 +13463-2 0  9994
2 81819 102.3436 016.1687 0036769 179.6136 180.4963 12.44340361819840
1 81821U          18333.40094001 +.00021515 -49323-6 +31318-3 0  9997
2 81821 034.0921 358.8572 2402087 210.1054 133.6964 10.69165982278900
1 81824U          18355.46295296 +.00000378 +00000-0 +23098-3 0  9991
2 81824 065.8504 296.4724 0061741 265.3536 094.0495 14.16387888262405
1 81833U          18354.29295695 +.00000066 +00000-0 +21692-3 0  9996
2 81833 090.3058 300.4380 0025147 204.8757 155.1150 12.92881320123011
1 81838U          18355.24154029 +.00000382 +00000-0 +15628-3 0  9995
2 81838 067.7687 282.2403 0034318 269.4675 165.2803 14.36285209266054
1 81844U          18355.44431759 +.00000683 +00000-0 +34418-3 0  9994
2 81844 082.9259 158.7734 0084449 231.4280 127.9311 14.13265403261615
1 81845U          18355.62376931 +.00000156 +00000-0 +29467-4 0  9999
2 81845 097.9561 230.8789 0104065 283.4200 105.6531 14.74720112273313
1 81864U          18354.98590089 +.00000140 +00000-0 +91936-4 0  9993
2 81864 065.6731 215.2128 0789971 027.2727 336.7580 13.25535152212555
1 81865U 87062    18355.26217800 +.00000409 +00000-0 +36238-3 0  9997
2 81865 082.8073 181.1639 0069188 353.6979 128.4734 13.81689033256128
1 81872U          18355.24649481 +.00035563 +00000-0 +23846-2 0  9993
2 81872 062.0114 276.1488 2221817 068.9199 313.4047 10.85922466052948
1 81873U          18355.26287377 +.00000830 +00000-0 +50924-3 0  9995
2 81873 099.1609 002.7259 0073835 035.6021 325.0041 14.07274262209967
1 81877U          18351.68726033 +.00000214 +00000-0 +38194-3 0  9999
2 81877 065.9321 015.8709 0075549 261.7768 097.4715 13.60088780780779
1 81893U 70025    18355.32755348 +.00000125 +00000-0 +19152-3 0  9991
2 81893 100.0603 189.1373 0019516 328.9725 031.0267 13.71962535254272
1 81899U          18354.41594380 +.00000339 +00000-0 +98522-3 0  9994
2 81899 102.4304 333.8020 0171665 166.2131 194.3745 13.14979567243426
1 81902U          18355.04619187 +.00001194 +00000-0 +17669-3 0  9995
2 81902 081.6359 267.0847 0306166 172.9013 187.6674 14.47279158267410
1 81905U          18355.55105378 +.00062118 +00000-0 +31107-2 0  9991
2 81905 061.7761 094.7086 1880021 154.2592 216.5530 11.60829940361603
1 81921U          18355.52838419 +.00000440 +00000-0 +22183-3 0  9990
2 81921 065.7112 021.8662 0878622 112.4396 257.2039 13.06804522695008
1 81946U 87079    18354.51449372 -.00000102 +00000-0 -16523-3 0  9990
2 81946 066.4267 010.4110 0666238 143.5114 300.3913 12.41746447677108
1 81947U          18355.11312531 +.00000110 +00000-0 +29707-4 0  9999
2 81947 066.0832 259.2922 0474614 233.8983 121.7291 14.30297706265004
1 81964U          18354.91992761 -.00000011 +00000-0 +50818-4 0  9992
2 81964 066.5857 097.5910 0040855 320.7662 039.0457 13.94270547258595
1 81969U          18354.42659891 +.00000400 +00000-0 +43843-4 0  9998
2 81969 086.6698 151.1345 0008913 267.2183 092.8021 14.84872426060417
1 81995U          18355.37892721 +.00000223 +00000-0 +81924-4 0  9998
2 81995 065.7562 131.7807 0591490 104.4647 262.2775 13.81068026250818
1 82025U          18355.60183133 +.00006296 +00000-0 +93508-3 0  9995
2 82025 074.0318 099.4169 0006297 031.3166 328.8381 14.75204214217502
1 82039U          18355.20617704 +.00001531 +00000-0 +39483-3 0  9991
2 82039 099.0529 266.1352 0044296 218.0368 141.7695 14.51095039186191
1 82043U          18355.19626967 +.00000343 +00000-0 +12218-3 0  9992
2 82043 097.9046 346.9894 0264077 089.6020 273.5412 14.21773226211001
1 82044U          18349.80009914 +.00000265 +00000-0 +33214-3 0  9993
2 82044 099.9911 341.9281 0067365 001.2452 358.8851 13.73345597210971
1 82051U          18355.36864891 +.00000678 +00000-0 +33736-3 0  9999
2 82051 098.9182 042.8251 0118247 040.1496 320.8341 14.16734149210255
1 82073U          18355.34132514 +.00000426 +00000-0 +14310-3 0  9999
2 82073 097.7227 317.7446 0245017 030.8876 330.6461 14.25823348211118
1 82112U          18355.39589090 +.00000930 +00000-0 +28071-3 0  9992
2 82112 098.6874 057.5644 0100837 080.8659 280.3921 14.41993743213279
1 82132U          18355.36256986 +.00029264 +00000-0 +60903-2 0  9996
2 82132 099.4753 047.5977 0031775 174.4964 185.6587 14.59635815084483
1 82134U          18355.58904048 +.00003204 +00000-0 +11181-1 0  9990
2 82134 064.9839 180.7960 2734312 354.4096 003.1199 08.92087349119074
1 82139U          18354.97663863 +.00000288 +00000-0 +19947-3 0  9993
2 82139 099.1945 359.5885 0093635 316.6508 042.7320 14.05083253121418
1 82141U          18355.12522256 +.00003576 +00000-0 +44002-3 0  9997
2 82141 098.0545 041.9889 0005033 108.9679 251.2080 14.83622163076040
1 82162U          18342.41534731 +.00001003 +00000-0 +18811-2 0  9990
2 82162 100.3896 139.3378 0064424 249.8236 109.5954 13.40880983160044
1 82168U          18347.67999366 +.00002662 +00000-0 +46439-3 0  9998
2 82168 074.0143 114.6508 0008798 070.5733 289.6387 14.68483929195785
1 82180U          18354.73132170 +.00001293 +00000-0 +31634-3 0  9999
2 82180 065.6621 258.6873 0480512 028.6655 333.9948 14.03692595241019
1 82187U          18354.86373244 +.00002583 +00000-0 +54896-3 0  9997
2 82187 070.9417 169.3412 0078884 236.0992 123.2634 14.58167012785374
1 82189U          18349.49067338 +.00000022 +00000-0 +17276-4 0  9994
2 82189 074.0363 042.4361 0015726 136.8408 223.3979 14.33524145266285
1 82199U          18354.95044770 +.00000186 +00000-0 +15440-3 0  9998
2 82199 082.9668 344.4461 0039328 061.6592 327.7114 13.83291388762084
1 82205U          18355.53948919 +.00000568 +00000-0 +12388-3 0  9991
2 82205 062.9886 175.9912 0675084 059.6897 306.9166 13.77876869255551
1 82223U          18346.55363035 +.00000241 +00000-0 +18354-3 0  9990
2 82223 099.3136 114.6982 0077904 188.9623 171.0155 14.02007030089717
1 82227U          18355.46161900 +.00000011 +00000-0 +39818-3 0  9994
2 82227 101.7203 341.2937 0000179 341.4752 171.9291 12.41875673324798
1 82250U          18355.58011753 +.00001164 +00000-0 +79821-3 0  9991
2 82250 098.9820 264.6590 0096605 083.3203 038.2586 13.99279494259197
1 82268U          18334.93969946 +.00001102 +00000-0 +61756-3 0  9992
2 82268 099.1466 030.6972 0062423 019.4801 340.9234 14.11836411372197
1 82284U          18352.58184255 +.00001319 +00000-0 +56090-3 0  9998
2 82284 099.5656 029.0768 0111295 165.1258 195.3236 14.23893967806808
1 82285U          18355.46454642 -.00000540 +00000-0 -48514-3 0  9998
2 82285 102.0236 218.3964 0359399 259.1341 096.9153 13.51794797722385
1 82295U          18353.34956840 +.00000017 +00000-0 +40129-4 0  9993
2 82295 066.6232 329.4170 0137352 219.3416 139.7641 14.25319313215838
1 82298U          18347.38738692 +.00001051 +00000-0 +59189-3 0  9990
2 82298 099.0916 042.5276 0062876 000.9867 359.1417 14.11678276204919
1 82303U          18355.37644771 +.00000710 +00000-0 +16785-2 0  9994
2 82303 082.0015 219.1391 0134372 268.1079 215.4071 13.19303474173706
1 82311U          18354.31675755 +.00000326 +00000-0 +54547-3 0  9994
2 82311 099.4611 121.7970 0114282 227.5226 131.6208 13.51259554205691
1 82314U          18351.91388406 +.00001714 +00000-0 +94128-4 0  9996
2 82314 099.2276 234.1769 0215192 249.0661 108.7407 14.98556364157769
1 82320U          18355.44578006 +.00000224 +00000-0 +10194-3 0  9997
2 82320 099.8273 232.4526 0162392 269.4267 088.8300 14.26671136264228
1 82322U          18355.28192835 +.00000924 +00000-0 +24677-3 0  9991
2 82322 098.6500 021.5662 0080829 296.3642 062.9268 14.49005316194558
1 82348U          18354.39813300 +.00000335 +00000-0 +20500-3 0  9994
2 82348 063.7238 144.9166 3313680 323.2624 018.0651 08.38257369416411
1 82363U          18353.04077342 -.00000125 +00000-0 -99867-4 0  9992
2 82363 066.9387 242.7231 0466473 350.1881 009.0278 13.13517986709297
1 82369U 99025    18351.03026089 -.00000095 +00000-0 -35549-4 0  9995
2 82369 099.1524 017.2315 0084925 156.7882 203.7151 13.96873931200689
1 82381U          18355.49671094 +.00000927 +00000-0 +32802-3 0  9990
2 82381 098.5147 183.7207 0018886 303.4128 056.5252 14.36842832142427
1 82383U          18353.47383113 +.00002203 +00000-0 +35552-3 0  9994
2 82383 098.3285 356.5041 0006883 144.6868 215.4795 14.72463689169837
1 82402U          18355.39813201 +.00000338 +00000-0 +36652-4 0  9995
2 82402 086.6702 150.7567 0008961 263.1781 096.8424 14.84761846075239
1 82405U          18355.45372292 +.00000216 +00000-0 +39816-4 0  9995
2 82405 098.1254 076.1936 0040630 302.0168 057.7095 14.74871465062586
1 82410U          18354.31950323 -.00000115 +00000-0 -40021-4 0  9992
2 82410 066.6564 328.7690 0069598 267.9748 160.1909 13.75901587789146
1 82427U          18355.21024724 +.00012222 +00000-0 +23345-2 0  9995
2 82427 098.4079 085.8821 0015963 175.3175 184.8178 14.63990244058302
1 82428U          18355.13366317 +.00005938 +00000-0 +71826-2 0  9997
2 82428 063.1656 340.9572 0028432 346.0401 013.9845 13.67011479068182
1 82432U 93036    18354.01253817 +.00000177 +00000-0 +51887-4 0  9996
2 82432 074.0099 114.3511 0063832 178.9064 181.2249 14.50051757112762
1 82448U          18355.28332231 +.00000319 +00000-0 +34315-4 0  9995
2 82448 085.8797 089.3825 0008863 284.7026 075.3214 14.84708645057787
1 82451U          18355.39149163 +.00001401 +00000-0 +18278-3 0  9993
2 82451 066.5382 273.6666 0309031 195.3830 163.7727 14.55950315759117
1 82453U          18354.69225378 -.00000064 +00000-0 -14704-3 0  9996
2 82453 101.8126 313.9979 0093855 265.3333 093.7006 12.39457138679278
1 82464U          18355.16544073 +.00001001 +00000-0 +32516-3 0  9998
2 82464 070.9996 284.5839 0085677 166.9034 258.1069 14.39235480804436
1 82475U          18355.22824672 +.00000353 +00000-0 +23957-3 0  9991
2 82475 099.1891 003.7118 0112640 340.9451 018.7517 14.03769324187953
1 82481U          18354.49337691 +.00003877 +00000-0 +32310-3 0  9993
2 82481 099.0155 084.2365 0048811 001.4597 358.6745 14.98463621073798
1 82484U          18353.16102781 -.00000176 +00000-0 -19083-3 0  9992
2 82484 099.6370 072.7470 0045634 143.1605 217.2682 13.55043009776807
1 82494U 93036    18352.52920479 +.00000551 +00000-0 +15499-3 0  9997
2 82494 074.0200 185.7045 0012985 217.2141 142.8120 14.48166108112310
1 82500U          18355.39759607 +.00000496 +00000-0 +31820-3 0  9999
2 82500 070.9718 257.0959 0146663 326.1981 032.9848 14.02952524260446
1 82517U          18355.44514066 +.00000860 +00000-0 +26637-3 0  9996
2 82517 086.3907 086.4339 0017213 057.0060 303.2790 14.40010727055463
1 82524U          18355.44824456 +.00001599 +00000-0 +74528-3 0  9993
2 82524 073.2916 261.4024 0175925 135.3690 342.0520 14.13539481215571
1 82526U          18355.50411823 +.00000363 +00000-0 +26523-3 0  9992
2 82526 099.2790 006.5914 0113065 139.5910 221.3721 13.99439382164549
1 82545U          18354.40482753 -.00000033 +00000-0 +25052-3 0  9992
2 82545 064.8856 348.7361 0165997 058.2158 303.4818 11.30766515151112
1 82560U          18355.50628653 +.00000118 +00000-0 +14920-3 0  9997
2 82560 099.9748 087.4285 0010605 136.8057 281.9833 13.84789843258728
1 82561U          18355.10964388 -.00000185 +00000-0 -27969-4 0  9996
2 82561 063.1346 230.7608 0419354 272.5904 165.4124 13.87797867786061
1 82576U          18352.47457391 +.00000405 +00000-0 +29893-3 0  9990
2 82576 099.2976 349.4210 0116680 169.3594 191.0077 13.98096271162701
1 82597U          18355.26223202 +.00000215 +00000-0 +11458-3 0  9992
2 82597 066.7739 315.0728 0101194 030.1306 330.5559 14.27816273264605
1 82616U          18348.46548578 +.00001489 +00000-0 +21882-3 0  9990
2 82616 097.2601 162.8224 0105905 067.8521 293.3888 14.72980464187882
1 82617U          18355.60382492 +.00000039 +00000-0 +18447-4 0  9990
2 82617 074.0288 327.6344 0041064 181.1700 178.9369 14.46071640268267
1 82619U          18353.87909538 +.00000167 +00000-0 +32871-3 0  9993
2 82619 066.1964 144.6516 0218693 228.2086 130.0102 13.49351948127828
1 82627U          18343.22920980 +.00000166 +00000-0 +42443-3 0  9999
2 82627 082.4747 267.9045 0015584 358.1056 158.4487 13.13179142750116
1 82629U          18355.39586076 +.00001653 +00000-0 +61917-3 0  9995
2 82629 081.1788 234.1284 0018484 078.7967 281.5291 14.31268727216395
1 82637U          18351.42546951 +.00002023 +00000-0 +60440-3 0  9994
2 82637 099.5353 056.4653 0035497 158.7118 201.5555 14.43892194356710
1 82642U          18355.51654956 +.00000441 +00000-0 +31069-3 0  9996
2 82642 099.0357 263.7926 0140900 090.8286 270.9024 13.98423206259322
1 82683U 99057    18355.45181620 -.00000010 +00000-0 +13374-4 0  9990
2 82683 098.1770 244.2875 0227712 241.9915 115.8055 14.13236067101858
1 82686U          18355.28988277 +.00000279 +00000-0 +80039-4 0  9995
2 82686 097.9660 019.6501 0201400 174.8778 185.4538 14.40807313170520
1 82693U          18355.03526092 +.00000421 +00000-0 +63999-3 0  9993
2 82693 100.5372 080.8810 0049322 176.5573 183.5912 13.58758814206767
1 82698U          18355.62375335 -.00000063 +00000-0 +25465-4 0  9995
2 82698 061.6062 067.4892 0745152 087.9744 280.6339 13.20911148201166
1 82708U          18327.27503598 +.00000669 +00000-0 +28763-2 0  9994
2 82708 102.1248 262.1038 0063335 072.5274 288.2726 12.86306001732222
1 82728U          18354.81429964 +.00012842 +00000-0 +55048-2 0  9992
2 82728 100.0363 359.9965 0190381 096.3379 265.9509 14.15696838732679
1 82729U          18343.71390458 -.00000216 +00000-0 -59125-3 0  9990
2 82729 067.9525 242.4169 0836237 316.6156 037.1843 12.15250882612457
1 82737U          18351.38417078 +.00006268 +00000-0 +89400-2 0  9998
2 82737 102.7997 147.5490 0368034 271.9449 083.9562 13.32414720746607
1 82739U          18355.61558176 +.00000328 +00000-0 +34054-3 0  9992
2 82739 099.1369 229.2936 0182067 227.2551 163.3774 13.75659264255224
1 82741U          18355.02816935 +.00001119 +00000-0 +15045-2 0  9997
2 82741 102.8879 290.3584 0206458 138.4176 223.2857 13.54926844250973
1 82742U          18355.11565923 +.00001543 +00000-0 +72918-3 0  9990
2 82742 099.5856 316.6922 0056909 061.4493 299.2393 14.20561202180247
1 82748U          18355.31000285 +.00010462 +00000-0 +39454-2 0  9990
2 82748 102.8769 125.5410 0040647 211.4047 148.4691 14.31229306184560
1 82755U          18355.51028633 +.00002662 +00000-0 +52787-3 0  9995
2 82755 099.8172 233.7319 0003376 000.2922 359.8276 14.63330259794867
1 82759U          18355.51278034 +.00001749 +00000-0 +41580-3 0  9995
2 82759 098.3403 080.8845 0012824 013.9299 346.2249 14.55068326052044
1 82783U          18355.35745583 +.00001178 +00000-0 +35751-2 0  9990
2 82783 090.3401 321.5468 0024879 100.8894 259.5033 13.05795018171427
1 82785U          18355.00208274 +.00000534 +00000-0 +17752-3 0  9992
2 82785 063.1417 343.7529 0272491 325.5899 065.5516 14.29142359794157
1 82820U          18355.00601172 +.00000425 +00000-0 +22042-3 0  9993
2 82820 099.8103 192.6259 0061377 320.2483 039.4200 14.20084315262884
1 82829U          18354.99921654 +.00000034 +00000-0 +21085-2 0  9990
2 82829 065.0956 189.0827 0169039 175.5755 339.5112 11.28838429363091
1 82857U          18355.14522175 +.00170131 +00000-0 +17797-2 0  9995
2 82857 097.4041 063.2770 0002438 084.9105 275.2432 15.63891402071277
1 82873U          18355.56909084 +.00000708 +00000-0 +42779-3 0  9998
2 82873 099.9945 270.2079 0048173 052.9038 307.6518 14.09854890261100
1 82875U          18355.34593206 +.00000043 +00000-0 +26639-4 0  9991
2 82875 098.7080 028.2065 0394424 004.2184 356.2154 14.10618121184882
1 82891U          18355.43338643 +.00000238 +00000-0 +40657-4 0  9993
2 82891 097.8580 063.7695 0015292 043.7252 316.5167 14.77248851061907
1 82893U          18355.42754217 +.00001009 +00000-0 +64126-3 0  9996
2 82893 099.0043 069.6678 0032756 041.6124 318.7528 14.05831128064243
1 82912U          18355.54877888 +.00000274 +00000-0 +15908-3 0  9998
2 82912 065.8372 190.8865 0829727 340.6564 016.4612 13.14226177243547
1 82915U          18351.16117524 +.00002689 +00000-0 +50617-3 0  9997
2 82915 074.0227 161.4782 0028198 108.9001 251.5228 14.64846179107345
1 82939U          18353.31931329 -.00000291 +00000-0 -19638-1 0  9994
2 82939 086.0669 109.0416 1903934 032.9125 337.7038 08.75809326231230
1 82959U          18353.28068647 +.00000223 +00000-0 +15799-3 0  9995
2 82959 100.1138 175.0299 0052731 340.3011 019.6117 14.09065444184210
1 82961U          18354.23391454 +.00002695 +00000-0 +64468-2 0  9990
2 82961 099.8766 000.6491 0502737 010.5978 350.5262 12.85379932683196
1 82965U 70025    18354.33438015 +.00000253 +00000-0 +43707-3 0  9996
2 82965 100.1497 312.9799 0003195 003.7963 356.3196 13.54958017178743
1 82991U          18354.76561273 +.00002332 +00000-0 +46666-3 0  9998
2 82991 086.3235 009.3191 0011794 157.8836 202.2886 14.61397180111406
1 83903U          18355.33039029 -.00000210 +00000-0 +00000-0 0  9998
2 83903 011.9487 317.9141 0129984 178.5586 002.0385 00.99111881018403
1 83932U          18354.44698163 +.00003467 +00000-0 +30579-2 0  9993
2 83932 021.4463 040.9923 6901022 297.6645 009.8135 02.72049909019900
1 83934U          18353.92348676 -.00000283 +00000-0 +00000-0 0  9996
2 83934 011.0680 322.7403 0227390 197.9543 335.7295 01.02662089019106
1 83952U          18355.44217379 -.00000004 +00000-0 +30353-3 0  9998
2 83952 020.6473 248.8663 7174335 021.1466 357.5481 02.31809407024876
1 83962U          18355.17275228 +.00002879 +00000-0 +12670-2 0  9998
2 83962 018.7309 294.2099 6729918 195.6945 123.7009 02.97756019036955
1 83970U          18355.55517415 -.00000083 +00000-0 -87146-4 0  9995
2 83970 018.2924 155.9205 5241303 345.4958 003.8408 05.09499950063493
1 83975U          18355.61674057 -.00000137 +00000-0 +00000-0 0  9992
2 83975 019.0789 115.6353 7016167 003.2415 359.4127 02.15272759027454
1 83999U          18352.28897944 -.00000173 +00000-0 +00000-0 0  9990
2 83999 064.4402 095.6426 6766880 028.7025 355.6494 02.12129034009567
1 84006U          18354.10016530 -.00000105 +00000-0 +00000-0 0  9992
2 84006 023.4743 311.3326 6115852 279.2478 020.4814 02.16233673029079
1 84026U          18350.51602310 +.00004464 +00000-0 +23251-2 0  9998
2 84026 021.7541 177.6065 6293226 328.7532 005.6219 03.56397859031646
1 84045U          18340.92129474 -.00000352 +00000-0 -15683-2 0  9992
2 84045 018.7755 309.9958 7298530 218.6503 055.6080 02.08755711025207
1 84071U          18355.57698102 +.00001200 +00000-0 +70300-3 0  9996
2 84071 020.5323 119.4537 7037511 256.2344 022.6320 02.54901643036982
1 84079U          18354.91477652 +.00002136 +00000-0 +91155-3 0  9996
2 84079 062.7199 094.4720 4105314 123.6224 282.5407 07.03086219144854
1 84136U          18339.94152068 +.00014783 +00000-0 +13971-2 0  9997
2 84136 051.4391 188.9437 2392311 241.6135 092.3391 10.45921423225030
1 84159U          18355.39772293 -.00000797 +00000-0 -22677-1 0  9991
2 84159 065.2519 143.6959 5786385 324.3430 016.0957 03.83620954200151
1 84170U          18355.42088761 +.00002159 +00000-0 +12438-2 0  9995
2 84170 021.1458 070.2477 7034876 250.9549 025.4623 02.57199859026307
1 84188U          18355.15831366 -.00004059 +00000-0 -71829-2 0  9993
2 84188 064.3266 281.0204 5108519 188.8749 156.8046 05.19801937235608
1 84197U          18336.75348350 +.00001092 +00000-0 +10418-2 0  9993
2 84197 020.4429 289.3680 6252541 254.6893 032.1667 03.58866242040160
1 84221U          18355.58545328 +.00000033 +00000-0 +00000-0 0  9995
2 84221 022.1048 162.3202 7311919 108.8881 337.8177 01.91480181018881
1 84232U 79104    18355.25962155 +.00001103 +00000-0 +99555-3 0  9998
2 84232 020.3169 099.8917 6954769 298.9513 009.4309 02.64375806032694
1 84249U          18355.30753489 +.00000238 +00000-0 +64729-3 0  9992
2 84249 064.7116 043.5510 5672147 033.4442 352.1682 04.33897685036531
1 84277U          18354.17128015 +.00002304 +00000-0 +24501-2 0  9997
2 84277 065.1265 017.6077 5478185 013.3630 356.8051 04.69739706030548
1 84292U          18346.97123332 +.00021623 +00000-0 +13516-2 0  9999
2 84292 023.9092 242.2138 5193942 226.0609 077.2793 05.36611855077562
1 84342U          18355.41965854 +.00092003 +00000-0 +17023-1 0  9993
2 84342 021.8224 280.7185 6318338 033.7073 353.7573 03.58087870035678
1 84346U          18354.31971829 +.00001533 +00000-0 +39804-3 0  9995
2 84346 021.0543 031.7696 6994721 323.7665 004.8811 02.64286662015239
1 84353U          18344.80729045 +.00000263 +00000-0 +00000-0 0  9999
2 84353 018.3030 202.0349 6710100 115.9863 325.5990 02.03734881015957
1 84407U          18355.16429671 -.00000542 +00000-0 -30412-1 0  9995
2 84407 019.6168 008.3617 7205310 106.3048 337.8518 02.05584746023406
1 84414U          18354.45140918 +.00004346 +00000-0 +52545-3 0  9995
2 84414 065.2918 045.6192 4411445 069.6583 331.6441 06.64416485054444
1 84415U          18353.91926285 +.00002436 +00000-0 +59420-3 0  9992
2 84415 023.7982 280.0193 5675777 257.0400 037.0565 04.51362138046368
1 84425U 10057    18354.97596194 -.00000150 +00000-0 -81451-3 0  9997
2 84425 020.4245 312.3413 7177359 278.4190 013.0626 02.23603780017196
1 84434U          18355.24104381 +.00001547 +00000-0 +28743-2 0  9991
2 84434 019.9789 234.9186 7189867 056.7909 352.4861 02.33151705026030
1 84452U          18355.27379913 +.00007268 +00000-0 +53764-3 0  9997
2 84452 003.0115 264.3313 6440925 335.9726 004.1842 03.43936039060816
1 84479U          18355.40949892 +.00002602 +00000-0 +15710-2 0  9995
2 84479 023.4106 185.7026 5246266 212.3253 100.5887 05.10490586023077
1 84480U          18355.49700654 +.00002395 +00000-0 +11277-2 0  9990
2 84480 045.9780 011.1876 4571570 333.8182 008.8888 06.22753533098193
1 84481U          18350.23551291 -.00001096 +00000-0 -15105-2 0  9992
2 84481 064.8852 081.2225 5896697 020.8725 355.5702 04.04888271031412
1 84565U          18355.07111631 -.00000245 +00000-0 -56117-3 0  9996
2 84565 002.4837 331.8982 7221692 172.3835 212.0513 02.27011433005424
1 84575U          18352.72222568 -.00000058 +00000-0 -41489-2 0  9995
2 84575 018.3062 289.4404 7123783 260.6837 019.7933 02.19795742009349
1 84588U          18353.88170578 +.00000986 +00000-0 +46764-3 0  9990
2 84588 002.1639 265.1085 7066855 221.0606 056.5747 02.53844837057030
1 84597U          18355.28017310 +.00000023 +00000-0 +31766-3 0  9998
2 84597 018.5056 237.3186 7274688 352.0915 001.0734 02.17584530012909
1 84624U          18353.15784912 +.00004094 +00000-0 +31422-2 0  9992
2 84624 064.4246 009.1037 5494529 028.0199 353.0849 04.70564883027038
1 84646U          18355.16755058 +.00006598 +00000-0 +19373-1 0  9999
2 84646 054.8627 237.5223 5976709 035.2545 352.5872 03.87579123141141
1 84911U          18355.62351559 +.00000354 +00000-0 +42638-2 0  9998
2 84911 002.0087 292.3310 6588595 348.8739 227.6694 02.95841818055103
1 84925U          18355.00391972 +.00000620 +00000-0 +00000-0 0  9999
2 84925 073.0726 301.8931 5008104 250.0731 050.7786 01.98921902068644
1 84932U          18346.36286817 +.00000237 +00000-0 +35961-2 0  9997
2 84932 002.1991 161.0256 6549618 220.6374 020.0599 02.98798451055204
1 84950U          18355.58375722 -.00000508 +00000-0 +00000-0 0  9991
2 84950 002.6423 028.9962 7006591 242.7177 069.6661 02.04262046037920
1 84961U          18351.22241098 -.00000325 +00000-0 +00000-0 0  9995
2 84961 011.4274 312.4116 0136382 214.0423 145.1194 00.98646974040963
1 85001U          18354.45003252 +.00017655 +00000-0 +24124-2 0  9995
2 85001 051.4621 030.0817 2975114 167.0052 202.8689 09.25946246186618
1 85004U          18355.55742771 +.00000110 +00000-0 +52116-4 0  9998
2 85004 098.2827 018.1520 0050223 237.9452 274.4353 14.35540113010293
1 85010U          18355.18601274 +.00000315 +00000-0 +40582-3 0  9996
2 85010 099.4422 245.2577 0027934 051.0724 100.9454 13.70137546254496
1 85011U          18354.05984645 +.00003869 +00000-0 +18548-2 0  9991
2 85011 070.9860 132.9831 0009787 158.8241 201.3291 14.19551784059562
1 85015U          18352.00767433 +.00000055 +00000-0 +17898-4 0  9995
2 85015 074.0478 225.7417 0013542 067.4056 292.8541 14.59565099758477
1 85023U          18355.20000178 +.00000841 +00000-0 +38771-3 0  9990
2 85023 099.8646 337.3437 0003933 011.1514 045.1425 14.24310771263476
1 85025U          18352.36273059 +.00000529 +00000-0 +40164-3 0  9998
2 85025 082.5370 327.7178 0022295 137.9570 222.3310 13.92051011209898
1 85027U          18355.05119519 +.00000038 +00000-0 +11354-3 0  9993
2 85027 066.0405 215.1406 0169109 103.9054 258.0883 13.73198971968255
1 85047U          18354.56335841 +.00004751 +00000-0 +13329-1 0  9996
2 85047 102.3506 238.9883 0236297 007.6595 352.8015 13.03313124733711
1 85061U          18351.85610285 +.00000736 +00000-0 +39283-2 0  9996
2 85061 102.6012 099.2614 0261775 035.3505 083.2364 12.60859336632004
1 85100U          18355.04010595 +.00000053 +00000-0 +25973-4 0  9998
2 85100 074.0466 243.6278 0012004 020.0296 041.1443 14.38725896266667
1 85106U          18355.62568465 +.00000036 +00000-0 +95950-4 0  9995
2 85106 100.0638 288.5945 0010664 358.3211 126.5729 13.70000443253904
1 85111U 73086    18355.41866537 +.00000084 +00000-0 +83109-3 0  9998
2 85111 101.5184 341.1601 0006796 254.1933 105.8389 12.50697990147238
1 85117U          18355.14657962 +.00004384 +00000-0 +67595-3 0  9998
2 85117 070.0303 286.9115 0072247 318.4502 041.1165 14.72334901220998
1 85133U          18340.30342922 +.00000767 +00000-0 +36740-3 0  9994
2 85133 098.9489 007.8734 0028550 132.3183 228.0420 14.21860942165905
1 85151U 86019    18354.31108736 +.00000902 +00000-0 +32325-3 0  9993
2 85151 098.5240 182.8053 0017127 292.2201 067.7168 14.36271779111176
1 85159U          18352.16926993 +.00001107 +00000-0 +61866-3 0  9991
2 85159 098.8366 252.8026 0085575 306.5013 052.8297 14.11038892138016
1 85175U          18355.41581705 +.00002329 +00000-0 +55525-3 0  9990
2 85175 101.3762 219.1379 0160882 246.0446 112.3817 14.47750526253195
1 85205U          18353.89557095 +.00000086 +00000-0 +71954-4 0  9992
2 85205 082.9577 046.0146 0036035 219.0742 264.2088 13.76320391340038
1 85210U 75052    18355.42355389 +.00000027 +00000-0 +73817-4 0  9995
2 85210 099.8407 054.7931 0222673 350.7249 063.6741 13.67959631253474
1 85217U          18354.54271988 +.00000124 +00000-0 +52464-4 0  9990
2 85217 098.0258 267.1579 0240768 174.5673 185.8210 14.25346081263947
1 85220U          18354.37821652 +.00001081 +00000-0 +33510-3 0  9997
2 85220 099.4076 047.0103 0182457 182.1391 177.9030 14.34460238298518
1 85237U          18355.35911865 +.00000553 +00000-0 +16889-3 0  9993
2 85237 065.5431 252.2187 0593432 080.5174 286.2420 13.79003788732720
1 85238U          18355.25333726 -.00000011 +00000-0 +25281-4 0  9994
2 85238 098.7875 000.9158 0062711 280.0799 136.7884 13.87896852257296
1 85246U          18355.33443461 +.00000144 +00000-0 +72047-4 0  9998
2 85246 098.0074 204.2937 0239963 195.0973 164.2954 14.15067813262195
1 85264U 99057    18355.56469744 +.00001951 +00000-0 +14635-3 0  9990
2 85264 098.2784 037.0445 0220365 357.9654 002.0641 14.86706366109320
1 85266U          18355.45295663 +.00001880 +00000-0 +81774-3 0  9996
2 85266 062.6948 359.5760 3715495 102.1767 301.0856 07.71115818159431
1 85283U 78098    18354.02565835 +.00001741 +00000-0 +45336-3 0  9990
2 85283 099.6995 195.6309 0029702 178.7068 181.4204 14.50888025170206
1 85292U          18355.48958935 +.00001172 +00000-0 +34054-3 0  9999
2 85292 065.8330 035.0763 0065678 258.1142 101.2587 14.46993088817239
1 85370U          18355.29533628 +.00000307 +00000-0 +32683-3 0  9998
2 85370 100.0213 019.1026 0009318 193.3383 225.1292 13.82904649256408
1 85373U          18355.61672799 +.00001200 +00000-0 +10102-2 0  9994
2 85373 100.4139 040.3717 0048580 031.5090 119.2368 13.89816509257386
1 85383U          18355.60518598 +.00000943 +00000-0 +28768-3 0  9991
2 85383 098.7122 048.3522 0110744 093.7762 267.6097 14.40850186217636
1 85386U          18355.42001481 +.00001107 +00000-0 +31216-3 0  9997
2 85386 098.6747 058.6501 0117922 048.2594 013.8298 14.43816536375504
1 87001U          18355.00706676 +.00003758 +00000-0 +18459-1 0  9991
2 87001 105.0004 197.7345 0055528 101.4642 259.2669 12.72659490939103
1 87011U          18355.26591019 -.00000067 +00000-0 -45870-5 0  9996
2 87011 067.0385 266.5643 0266842 280.5488 076.5603 13.27568111246298
1 87013U          18354.99481948 +.00069394 +00000-0 +66904-1 0  9999
2 87013 065.8425 286.8934 1525227 045.8733 325.7952 11.54148427145724
1 87014U          18355.45977556 +.00000627 +00000-0 +12003-2 0  9993
2 87014 100.4968 168.4683 0058703 215.0523 201.8076 13.41532599318645
1 87021U          18355.60595689 +.00083252 +44306-5 +18940-2 0  9994
2 87021 063.2972 173.0907 1350728 301.4141 046.1595 12.85919585145043
1 87027U          18355.21290924 +.00021292 +00000-0 +42905+0 0  9990
2 87027 064.3037 294.9492 3742650 086.7119 314.4988 06.71366845086778
1 87029U          18353.39100022 +.00000367 +00000-0 +27497-3 0  9991
2 87029 099.0247 058.0146 0072377 132.1433 228.5911 13.99565879236018
1 87041U          18349.99320084 -.00000029 +00000-0 +11648-3 0  9995
2 87041 067.3155 189.7720 0351694 257.1775 098.9724 12.43274214776644
1 87051U          18354.98344207 +.00000198 +00000-0 +10138-3 0  9993
2 87051 065.7305 137.3439 0767652 202.5782 153.9735 13.35543512831308
1 87053U          18355.50850927 +.00022580 +94753-6 +10351-2 0  9994
2 87053 063.1130 230.1928 2787894 034.6099 340.8056 09.78062444175531
1 87054U          18354.04852867 -.00000398 +00000-0 -23899-3 0  9991
2 87054 100.0615 285.1926 0015454 265.3181 094.6215 13.98889861869514
1 87065U          18351.44361968 +.00000700 +00000-0 +91373-3 0  9998
2 87065 098.6952 157.7463 0340542 325.7199 032.2369 13.43207488173437
1 87071U          18355.30677142 +.00000126 +00000-0 +10047-3 0  9999
2 87071 061.2229 099.2210 0580796 105.9027 260.6763 13.64604174960718
1 87074U          18355.32256341 +.00000092 +00000-0 +17732-3 0  9998
2 87074 066.1433 313.0995 0157140 229.2063 129.5280 13.69934185253975
1 87076U          18355.54020447 +.00000163 +00000-0 +60053-3 0  9993
2 87076 067.7556 189.2554 0642903 113.2794 253.7210 12.54560633233048
1 87079U          18355.00641553 +.00001379 +00000-0 +16840-3 0  9999
2 87079 070.3280 208.2533 0030735 158.0635 202.1843 14.85259638881257
1 87082U          18355.23178237 +.00003054 +00000-0 +22297-3 0  9997
2 87082 097.3998 352.0705 0174522 018.1668 342.5683 14.92941390229281
1 87091U          18355.10595510 +.00004051 +00000-0 +27940-3 0  9998
2 87091 065.7008 174.4136 0160072 119.5613 242.1575 14.97338480845821
1 87094U          18355.08164168 +.00003220 +00000-0 +87050-3 0  9994
2 87094 099.7910 296.2153 0137223 355.0959 004.8874 14.43217055266037
1 87107U          18354.30360253 +.00008861 +00000-0 +81588-3 0  9992
2 87107 098.9319 303.8032 0026465 258.7262 101.0980 14.94755654227198
1 87113U          18355.43151684 +.00000868 +00000-0 +17120-3 0  9990
2 87113 065.6671 120.0014 0360604 083.9580 337.0216 14.34185050265021
1 87129U          18355.47978427 +.00000092 +00000-0 +10143-2 0  9999
2 87129 102.4364 006.7160 0029948 084.0440 276.4034 12.41851387230259
1 87134U          18355.04724162 +.00001690 +00000-0 +30116-2 0  9990
2 87134 066.6715 233.0529 0463517 082.9195 282.4298 13.09096685851512
1 87143U          18354.62484126 +.00000008 +00000-0 +00000-0 0  9995
2 87143 026.1684 173.2679 3779345 082.7447 317.7806 06.74569438503526
1 87149U          18352.52687399 -.00000074 +00000-0 -36372-4 0  9995
2 87149 063.0156 047.8423 3285215 201.8092 140.3021 08.35178467680855
1 87159U          18354.71418906 +.00000383 +00000-0 +47836-3 0  9992
2 87159 090.3113 346.0850 0118465 217.9771 141.2989 13.60260756566810
1 87163U          18355.25750275 +.00000441 +00000-0 +17748-3 0  9999
2 87163 065.6047 300.5474 0699055 091.6042 276.5138 13.49860277232583
1 87164U          18354.42334132 +.00000357 +00000-0 +13295-3 0  9997
2 87164 065.2056 010.1223 0138415 025.2315 335.5452 14.39833184267524
1 87180U          18355.17643776 +.00000694 +00000-0 +70894-3 0  9997
2 87180 065.9179 276.2460 0019305 125.9198 234.3665 13.82889639256079
1 87203U          18353.52216885 +.00001201 +00000-0 +30990-3 0  9995
2 87203 098.9142 191.5106 0064824 162.1726 198.1762 14.50788805181423
1 87204U          18355.59450958 +.00000389 +00000-0 +20166-3 0  9996
2 87204 098.7865 222.4145 0051241 146.0539 214.3933 14.19762065263150
1 87211U          18345.82034904 +.00000420 +00000-0 +17317-3 0  9998
2 87211 099.1026 188.2577 0068862 076.2719 349.4388 14.31040760340921
1 87213U          18352.28455008 +.00002015 +00000-0 +29882-3 0  9992
2 87213 099.0618 011.7484 0068648 184.0636 176.0021 14.74881555183985
1 87214U          18353.46294867 +.00000188 +00000-0 +23434-3 0  9994
2 87214 100.2990 087.7338 0077382 291.7387 067.5538 13.77910568248538
1 87228U          18354.98913353 +.00001578 +00000-0 +61653-3 0  9994
2 87228 098.9308 066.6564 0041304 029.6899 330.6614 14.30611812240482
1 87235U          18355.10414667 +.00000638 +00000-0 +25915-3 0  9998
2 87235 098.8849 099.8221 0153100 036.4301 324.7180 14.24936859221798
1 87237U          18354.95239733 +.00000046 +00000-0 +72735-4 0  9997
2 87237 099.4559 346.2761 0105730 289.9385 099.5466 13.89723573257572
1 87239U          18354.77391401 +.00000913 +00000-0 +39210-3 0  9993
2 87239 082.8852 011.6339 0028509 270.2217 089.5699 14.23588345263428
1 87245U          18355.19130997 +.00000182 +00000-0 +70705-4 0  9991
2 87245 065.6605 196.2205 0537555 260.9208 211.4398 13.92385501894644
1 87249U          18354.37431508 +.00085241 +00000-0 +22021-2 0  9991
2 87249 086.3498 333.5659 0008654 064.8798 295.3352 15.38763070104474
1 87256U          18353.41654664 +.00000506 +00000-0 +33467-3 0  9991
2 87256 098.9544 062.7061 0045870 357.9933 002.1044 14.05684791235583
1 87270U          18353.29767614 -.00001840 +00000-0 -27096-2 0  9997
2 87270 061.1848 318.3530 4059604 154.7165 232.5488 06.90032157046920
1 87271U          18355.37157825 +.00000397 +00000-0 +11554-3 0  9993
2 87271 065.7747 332.3686 0576335 267.6444 085.8562 13.86936529990729
1 87280U          18355.52156488 -.00000007 +00000-0 +12201-3 0  9993
2 87280 064.6184 043.4910 0101094 150.6619 210.0147 13.46672407190544
1 87284U          18343.10648757 +.00005088 +00000-0 +40253+0 0  9990
2 87284 089.2049 030.4002 1838264 015.9819 349.1919 08.72105756114099
1 87293U          18355.15024373 +.00000118 +00000-0 +56057-4 0  9993
2 87293 065.9098 228.6884 0538001 270.5518 083.3961 13.91589178257647
1 87300U          18355.45847265 +.00000301 +00000-0 +27466-3 0  9993
2 87300 100.0581 073.3038 0034713 187.8202 172.2417 13.92069952258000
1 87304U          18354.99331660 +.00000158 +00000-0 +33296-4 0  9991
2 87304 074.0188 225.6215 0019945 122.4445 237.8657 14.67805654272022
1 87305U          18355.59210167 +.00001124 +00000-0 +23468-3 0  9990
2 87305 073.9987 085.4372 0033593 135.8838 224.5016 14.60792700100722
1 87313U          18354.63669955 -.00000025 +00000-0 +41052-4 0  9996
2 87313 065.8436 088.0584 0207714 162.5938 198.2394 13.88477224833796
1 87320U          18354.36835087 -.00000163 +00000-0 -57773-4 0  9996
2 87320 066.5990 342.6453 0454843 223.7162 132.7038 13.61399394160060
1 87328U          18355.49383588 +.00001497 +00000-0 +17832-3 0  9993
2 87328 065.7627 029.8897 0259959 199.2437 159.8716 14.66790014865688
1 87331U          18354.18338856 +.00004667 +00000-0 +20978-3 0  9997
2 87331 066.9076 258.8930 0016074 356.6318 003.4717 15.22086695984224
1 87333U          18355.32570959 -.00000006 +00000-0 +62331-4 0  9992
2 87333 066.5375 328.5772 0022480 032.8337 327.4128 13.85754292896448
1 87334U          18355.59540803 +.00000710 +00000-0 +98276-3 0  9994
2 87334 089.9587 272.9573 0093719 323.5981 035.8823 13.55538273038202
1 87335U          18355.23105280 +.00002134 +00000-0 +29563-2 0  9996
2 87335 089.9499 272.8342 0102553 319.8485 039.5122 13.55624860038168
1 87342U          18349.28199264 -.00010421 +00000-0 -15169+0 0  9991
2 87342 102.3676 276.2872 0804438 310.7218 042.6547 11.26258897756784
1 87350U          18355.58105048 +.00000043 +00000-0 +28428-4 0  9991
2 87350 098.0993 275.4587 0253742 212.3860 146.1529 14.22536308263559
1 87359U          18354.98030140 +.00000068 +00000-0 +16704-3 0  9993
2 87359 065.8493 132.5142 0130024 056.0078 305.3254 13.66533168823965
1 87382U          18355.37737612 +.00006613 +00000-0 +14115-2 0  9996
2 87382 070.9752 356.9960 0031417 196.9788 163.0309 14.58904579181860
1 87397U          18355.24426330 +.00003807 +00000-0 +76504-3 0  9993
2 87397 081.2328 323.6233 0007264 180.9181 179.2006 14.61478378183038
1 87405U          18355.43447144 +.00000467 +00000-0 +37684-3 0  9995
2 87405 082.7596 248.5255 0054505 043.0425 317.4981 13.87758745257047
1 87410U          18354.39135726 +.00000132 +00000-0 +16692-2 0  9999
2 87410 102.3379 314.2417 0201440 275.9461 081.8663 12.16458454926249
1 87415U          18354.85524397 +.00000857 +00000-0 +82577-3 0  9991
2 87415 065.3559 155.7695 0031977 266.5045 163.6604 13.85291007738711
1 87416U          18355.59291736 +.00000963 +00000-0 +40985-3 0  9997
2 87416 082.8359 300.6454 0022170 341.2774 018.7592 14.24215088245025
1 87423U          18354.16212227 +.00003284 +00000-0 +41833-3 0  9997
2 87423 098.8215 249.8431 0060690 133.7148 226.9112 14.81059210181259
1 87426U          18355.14093928 +.00000729 +00000-0 +43075-3 0  9995
2 87426 065.8095 258.1735 0080533 189.5036 242.0479 14.12241607261504
1 87433U          18354.25521820 +.00000399 +00000-0 +87695-3 0  9990
2 87433 100.3092 106.6286 0055988 225.2618 134.3941 13.34917396091924
1 87442U          18355.60969028 +.00122331 +00000-0 +36628-1 0  9995
2 87442 062.0899 286.6079 1226633 003.1786 357.6133 12.51290263082499
1 87448U          18355.57221392 +.00000782 +00000-0 +75653-3 0  9990
2 87448 100.4301 238.4610 0068707 270.7856 207.4723 13.82581481256378
1 87455U          18354.52721799 +.00011657 +00000-0 +70454-3 0  9995
2 87455 063.3899 161.2884 3035018 247.3609 078.0763 09.25952258873309
1 87456U          18355.01212194 +.00000795 +00000-0 +16415-3 0  9993
2 87456 065.7904 154.6522 0629389 204.6875 152.2836 13.85074657256609
1 87468U          18355.38665050 +.00000987 +00000-0 +13097-3 0  9995
2 87468 074.0158 259.7522 0070119 310.9387 048.5731 14.79701491101857
1 87491U          18354.29299549 +.00001540 +00000-0 +40808-3 0  9992
2 87491 098.6827 020.2824 0072868 018.6717 341.7123 14.48695428211714
1 87501U          18353.23024254 +.00001760 +00000-0 +60106-3 0  9993
2 87501 074.0382 287.3807 0036645 256.1048 103.6027 14.36741559100377
1 87517U          18355.05218931 +.00000463 +00000-0 +18447-3 0  9999
2 87517 065.8279 201.5798 0725138 075.6814 002.8837 13.44925976806143
1 87518U          18355.35860353 +.00016058 +00000-0 +77709-3 0  9997
2 87518 065.7971 355.7140 0010709 219.7303 140.3049 15.18676934277303
1 87520U          18354.81258776 +.00003768 +00000-0 +91404-2 0  9991
2 87520 101.7624 299.8269 0159908 119.5921 242.1228 13.18089642894307
1 87541U          18354.23614490 -.00000035 +00000-0 +17298-4 0  9995
2 87541 099.9308 266.4975 0059481 277.2316 237.8082 13.34784894241838
1 87553U          18354.30552649 -.00000008 +00000-0 +30316-4 0  9999
2 87553 065.6731 315.6441 0753256 271.8725 079.6287 13.41229427803951
1 87556U          18355.22173006 +.00000965 +00000-0 +97399-4 0  9995
2 87556 097.8566 078.2153 0104885 088.5852 272.7378 14.89446822235095
1 87557U          18353.91812609 +.00001319 +00000-0 +39128-2 0  9997
2 87557 101.8369 247.8721 0058378 133.3524 227.2465 13.09991373229618
1 87561U          18355.11749966 -.00000001 +00000-0 +35219-3 0  9997
2 87561 102.3195 054.6522 0175865 250.2800 139.7468 12.32251756725964
1 87565U          18354.19905788 +.00000128 +00000-0 +10491-3 0  9998
2 87565 099.9720 082.6879 0184557 185.6146 174.2948 14.00247690807935
1 87569U          18355.02557095 -.00000039 +00000-0 +45989-4 0  9992
2 87569 101.8348 065.7084 0055914 241.7589 241.6566 12.68461362730843
1 87574U          18355.15162767 +.00002566 +00000-0 +45025-3 0  9996
2 87574 074.0070 294.7505 0080240 221.8024 137.6999 14.66203297157496
1 87587U          18351.09536889 +.00000028 +00000-0 +17514-4 0  9993
2 87587 074.0238 136.1162 0019877 069.3045 291.0238 14.38775668571621
1 87590U          18354.85744274 +.00000005 +00000-0 +29751-4 0  9994
2 87590 099.0828 018.8596 0026722 234.0623 250.2594 14.07293087796519
1 87591U          18354.99474499 +.00000159 +00000-0 +75018-4 0  9996
2 87591 081.2222 233.9921 0030763 294.9594 064.8385 14.15340386211934
1 87594U          18354.84169432 -.00000023 +00000-0 +11532-3 0  9992
2 87594 063.1336 095.5334 0086262 086.2846 274.8036 13.44727920249367
1 87616U          18343.83218316 +.00000007 +00000-0 +21153-3 0  9991
2 87616 066.0372 128.0116 0640518 147.5337 002.0304 12.44377701217495
1 87624U          18354.63116421 +.00000243 +00000-0 +65786-4 0  9997
2 87624 098.7328 134.8536 0132207 112.5064 249.0188 14.51920920209309
1 87632U          18355.34210333 -.00002508 +00000-0 -22858+0 0  9998
2 87632 086.3733 314.3038 1726414 178.2507 182.5557 08.76959460108584
1 87642U          18354.16966998 +.00001762 +00000-0 +14363-3 0  9998
2 87642 062.2292 176.9148 0156104 249.4645 108.9634 14.94744747764637
1 87650U          18351.84095196 +.00000878 +00000-0 +39035-3 0  9992
2 87650 100.2900 006.1150 0042836 252.9254 106.7226 14.25761063821780
1 87656U          18352.82248770 +.00003040 +00000-0 +79364-3 0  9998
2 87656 099.1554 006.8704 0012015 113.1960 247.0498 14.50229177628998
1 87664U          18345.72165238 -.00000062 +00000-0 -67366-4 0  9998
2 87664 099.7821 070.6367 0218856 077.5886 072.9678 13.05908588355930
1 87672U          18354.79041196 +.00000617 +00000-0 +32190-3 0  9990
2 87672 070.8628 046.1696 0062425 166.7260 193.5524 14.17515527848537
1 87681U          18355.36920875 +.00000336 +00000-0 +45149-3 0  9990
2 87681 066.7377 342.4303 0158974 040.8485 320.4368 13.66420229785797
1 87690U          18355.33379362 +.00000173 +00000-0 +49700-4 0  9993
2 87690 065.7997 319.9671 0691196 232.4614 121.1714 13.76568078254970
1 87692U          18355.36492981 +.00013757 +00000-0 +16845-2 0  9995
2 87692 070.8643 324.2866 0013170 279.0927 080.8740 14.83219282271233
1 87706U          18355.52054462 +.00000283 +00000-0 +80712-4 0  9993
2 87706 098.4797 092.8738 0138891 110.3461 314.1462 14.47241718209941
1 87725U          18354.36811408 +.00001694 +00000-0 +58618-3 0  9992
2 87725 082.8971 237.6257 0028948 133.8178 226.5413 14.34999730265319
1 87727U          18354.85116859 +.00001688 +00000-0 +37676-3 0  9990
2 87727 070.9865 303.4636 0014012 269.2026 090.7513 14.58248903534559
1 87730U          18355.60137645 +.00000017 +00000-0 +19020-5 0  9994
2 87730 082.9442 318.7041 0028498 263.3772 096.4140 13.74124223235352
1 87732U          18354.55125307 +.00015228 +00000-0 +12684-2 0  9997
2 87732 098.7072 125.7461 0077627 269.6987 089.5336 14.96402464183459
1 87737U          18354.77830714 -.00000016 +00000-0 +32856-4 0  9996
2 87737 099.7259 197.4150 0133205 312.4819 046.5131 13.71957995802189
1 87764U          18355.63393900 +.00000759 +00000-0 +18314-3 0  9998
2 87764 065.6755 080.5514 0503088 250.2011 179.0546 14.02794178259591
1 87771U          18355.11923444 -.00000056 +00000-0 -27205-4 0  9993
2 87771 100.5117 120.3007 0119835 032.9670 327.8845 13.18941372199054
1 87782U          18352.57487363 +.00001204 +00000-0 +48516-2 0  9997
2 87782 102.4317 243.5726 0083023 320.5758 156.6183 12.88332032768842
1 87784U          18355.49635347 +.00107035 +00000-0 +48024-2 0  9993
2 87784 062.1528 176.6256 1501192 147.9230 222.2755 12.41843844080639
1 87817U          18354.10132086 +.00003022 +00000-0 +22983-3 0  9997
2 87817 062.7652 183.1454 0178730 178.2349 181.9418 14.92671825648495
1 87818U          18355.38471192 +.00011780 +00000-0 +14524-2 0  9994
2 87818 061.8475 320.3218 3971881 099.5493 306.4674 07.42024598087602
1 87841U          18355.12453398 +.00000763 +00000-0 +42852-3 0  9995
2 87841 102.8878 094.4307 0204778 163.0787 197.7328 14.05469935842761
1 87843U          18333.33107822 -.00000004 +00000-0 +89821-4 0  9991
2 87843 099.6826 284.4884 0243897 220.0620 138.2279 13.09025350756531
1 87845U          18355.45387788 +.00000023 +00000-0 +11152-3 0  9992
2 87845 098.8792 068.4541 0593723 325.9611 030.4701 12.83703044237831
1 87848U          18355.05594710 +.00000123 +00000-0 +28508-4 0  9991
2 87848 074.0143 242.2589 0020132 167.6750 192.4916 14.65509720271627
1 87878U          18354.03008562 +.00000451 +00000-0 +19951-3 0  9991
2 87878 099.1529 290.6101 0043129 079.1544 281.4485 14.27878446246570
1 87883U          18354.77668699 +.00000109 +00000-0 +59844-4 0  9997
2 87883 099.3505 182.7941 0298360 323.1807 034.9198 14.11773960212391
1 87884U          18351.34366158 +.00000341 +00000-0 +21415-3 0  9993
2 87884 098.5104 187.8795 0157815 063.0873 298.6323 14.04267888260013
1 87898U          18353.29849994 +.00001332 +00000-0 +52294-3 0  9998
2 87898 098.9437 172.0220 0137258 124.7969 236.6215 14.26011595658288
1 87934U          18355.37291845 +.00000051 +00000-0 +39231-4 0  9990
2 87934 082.9365 022.2653 0029379 278.6327 137.6294 13.72748045254656
1 87942U          18354.87529385 +.00000805 +00000-0 +97733-4 0  9994
2 87942 099.0788 137.5617 0148653 283.7569 230.5687 14.79801034342153
1 87960U          18353.51734616 +.00000124 +00000-0 +53171-3 0  9990
2 87960 067.6288 172.9901 0610302 057.2871 338.0161 12.54321609764495
1 87970U          18354.66735418 +.00007131 +00000-0 +49000-3 0  9990
2 87970 099.0301 073.4752 0048529 067.9948 292.6420 15.05384648223594
1 87972U          18352.98066341 +.00000726 +00000-0 +29666-3 0  9996
2 87972 098.8015 253.8580 0178501 252.9248 105.2310 14.22225115211428
1 87991U          18355.37834193 +.00000400 +00000-0 +67854-3 0  9991
2 87991 028.6258 087.1353 0938776 056.4801 312.1901 12.29373800208853
1 87997U          18355.57085633 +.00042322 +00000-0 +20151-2 0  9993
2 87997 063.1969 044.9290 1790187 001.4104 359.1033 11.80386827199138
1 87998U          18352.35867538 +.00000125 +00000-0 +99630-4 0  9994
2 87998 098.8476 049.1816 0027247 259.6134 100.1964 14.07576441189666
1 88028U          18345.56822435 +.00000698 +00000-0 +15821-2 0  9994
2 88028 021.1054 114.6429 7097734 166.4095 234.0950 02.44157433040220
1 88049U          18355.48112352 +.00000077 +00000-0 -18200-3 0  9996
2 88049 064.6366 166.0367 5366674 065.4969 350.5677 04.30599880166481
1 88050U          18353.93121593 +.00008060 +00000-0 +12869-1 0  9995
2 88050 066.1108 178.0304 5067412 013.2016 356.2915 05.27472190070876
1 88078U          18354.75240259 +.00000049 +00000-0 +28084-3 0  9994
2 88078 101.4422 283.4155 0265176 142.6211 219.3662 12.98064977745850
1 88079U          18355.19182671 +.00010645 +00000-0 +15354-2 0  9995
2 88079 020.7096 334.1740 4893646 152.3183 245.7648 05.80721173074442
1 88096U          18355.28076818 +.00004646 +00000-0 +31764-2 0  9996
2 88096 065.0381 339.6453 5283292 177.0500 188.2821 05.04047318124436
1 88107U          18355.29185808 +.00000056 +00000-0 +10125-2 0  9999
2 88107 020.7923 032.8609 6731994 061.8649 349.4543 02.86807425033819
1 88110U          18350.57689354 +.00122036 +00000-0 +59662-2 0  9996
2 88110 023.7336 196.9393 4677468 063.6127 336.6569 06.25340919049854
1 88117U          18355.06389862 -.00000657 +00000-0 -63769-3 0  9993
2 88117 020.4182 315.0476 4912583 197.0092 137.8646 05.58736888074981
1 88120U          18351.99470308 -.00000030 +00000-0 +18886-4 0  9996
2 88120 022.5294 244.7823 7344803 157.4548 268.1716 02.08466429025849
1 88138U          18355.27406312 +.00000802 +00000-0 +59352-3 0  9992
2 88138 082.5182 191.1336 0029732 075.1355 048.4586 13.93971244461514
1 88153U          18350.60114160 -.00000020 +00000-0 +00000-0 0  9994
2 88153 063.8335 093.0444 6241796 241.1120 043.3945 02.98415824042899
1 88173U          18354.60650133 +.00000164 +00000-0 +14630-3 0  9990
2 88173 099.1491 278.2128 0158042 232.1767 126.4999 13.92570696245717
1 88188U          18345.88515100 +.00003406 +00000-0 +76441-2 0  9999
2 88188 023.5408 199.3260 5999727 158.4899 244.5112 03.87218780037158
1 88203U          18354.99484671 +.00001783 +00000-0 +10888-2 0  9996
2 88203 064.8152 062.3730 5895817 022.1037 355.3683 04.13572081040589
1 88216U          18354.25903956 +.00000663 +00000-0 +32376-2 0  9993
2 88216 021.7794 308.9186 6633751 104.1930 333.0439 02.97201321038734
1 88230U          18354.05749259 +.00005346 +00000-0 +38000-2 0  9994
2 88230 049.0990 075.8648 5601455 215.4171 089.7034 04.55404349060396
1 88238U          18354.99038526 +.00000694 +00000-0 +10709-2 0  9990
2 88238 021.7546 067.5667 7050234 241.6273 031.7825 02.52914719052541
1 88241U          18355.54138362 +.00032879 +00000-0 +37636-2 0  9993
2 88241 062.4450 082.2849 4208426 118.5687 290.0328 07.00532324097636
1 88255U          18354.22035547 +.00005861 +00000-0 +61730-3 0  9997
2 88255 020.3401 003.1055 4822993 117.5732 299.0974 05.95070447080477
1 88269U          18355.46605972 -.00000036 +00000-0 +00000-0 0  9994
2 88269 062.9356 022.9759 4691671 264.9480 209.3096 05.35421498099577
1 88270U          18355.29724811 -.00000046 +00000-0 -12407-3 0  9990
2 88270 049.2268 142.3764 6472993 191.1713 141.2939 03.14115925043713
1 88271U          18354.09538656 +.00000007 +00000-0 -66074-2 0  9992
2 88271 064.1462 257.3061 5484093 268.3491 302.9362 03.90228033072421
1 88288U          18334.36308535 +.00028074 +00000-0 +45587-2 0  9998
2 88288 020.6310 155.7975 5104752 187.1471 161.1987 05.44945232068050
1 88313U          18355.36804003 +.00001150 +00000-0 +21303-2 0  9997
2 88313 020.4484 066.3577 6850077 000.3752 000.0478 02.75725968054910
1 88323U          18353.52200194 -.00000048 +00000-0 +00000-0 0  9990
2 88323 018.3225 260.1315 6674282 017.3805 357.3364 01.96413980027184
1 88342U          18355.58343402 +.00001861 +00000-0 +94382-3 0  9991
2 88342 020.8989 113.0518 5235468 322.7653 010.4272 05.14264918065482
1 88355U          18355.43073214 -.00000143 +00000-0 +00000-0 0  9994
2 88355 020.6570 325.3271 6967804 164.5644 238.8774 02.24690882028329
1 88700U          18354.91487443 -.00000745 +00000-0 +00000-0 0  9991
2 88700 071.3251 242.9379 6393136 175.2683 196.5495 02.03938378157468
1 88703U          18355.19734024 +.00000954 +00000-0 +00000-0 0  9996
2 88703 071.4624 204.9588 5671863 232.0744 343.4537 02.00371026470625
1 88710U          18355.45235517 -.00000059 +00000-0 -21181-5 0  9992
2 88710 063.7045 042.8268 5692949 252.5481 290.9394 04.16127036077192
1 88716U          18352.54093125 +.00000087 +00000-0 +56264-3 0  9999
2 88716 063.5885 167.1558 3907838 322.8346 031.2164 06.85031015354835
1 89003U          18354.39274754 +.00000040 +00000-0 +23343-4 0  9995
2 89003 074.0474 004.0858 0016836 326.2199 033.7879 14.34571533643061
1 89005U          18355.42603629 +.00000206 +00000-0 +68183-4 0  9994
2 89005 097.8622 348.8316 0223348 194.9564 164.4946 14.33860312168102
1 89029U          18354.25958625 +.00000281 +00000-0 +46598-4 0  9998
2 89029 098.2387 160.1918 0029977 279.7142 080.0682 14.77902226839171
1 89037U          18352.91157250 +.00000411 +00000-0 +27151-3 0  9991
2 89037 098.4321 027.8810 0145593 186.5512 173.3755 14.01459476164101
1 89038U          18355.41237943 +.00043110 +00000-0 +16479-2 0  9991
2 89038 098.8959 338.8290 0013326 114.7085 245.5538 15.26395684120073
1 89048U          18355.17620947 +.00002434 +00000-0 +62468-3 0  9999
2 89048 098.9393 142.9928 0017312 178.1799 181.9460 14.51175063267246
1 89059U          18355.01138053 +.00000856 +00000-0 +43955-3 0  9992
2 89059 099.0573 070.7856 0065374 181.3478 305.9812 14.16999176262131
1 89067U          18354.90926517 +.00003948 +00000-0 +13225-3 0  9990
2 89067 080.9871 160.5626 0628186 071.6642 295.1797 14.32196504214213
1 89074U          18355.27725734 +.00001053 +00000-0 +13388-2 0  9991
2 89074 100.3243 285.4973 0061779 310.9281 204.3550 13.65326912312446
1 89091U          18355.28698525 +.00000292 +00000-0 +27644-3 0  9993
2 89091 082.9426 106.5250 0030179 341.0186 018.9844 13.77721039235444
1 89101U          18355.29658654 -.00000118 +00000-0 -23141-3 0  9992
2 89101 100.2273 011.5228 0147920 055.5208 305.9771 13.03532680231495
1 89123U          18352.68759330 +.00001090 +00000-0 +57388-3 0  9997
2 89123 099.0902 048.2844 0064613 308.8439 050.6978 14.15161782165316
1 89127U          18355.32564148 +.00002860 +00000-0 +35161-3 0  9997
2 89127 074.0737 350.2304 0047435 343.7828 016.1828 14.82728827113293
1 89132U          18354.29088198 +.00001720 +00000-0 +14186-2 0  9991
2 89132 063.3828 089.6619 3087696 315.2475 023.6510 08.70973982101765
1 89135U          18346.16037838 +.00000754 +00000-0 +40112-3 0  9991
2 89135 071.0353 282.1037 0142757 189.5967 170.2423 14.11485768260137
1 89140U          18354.97383366 +.00008073 +00000-0 +30301-2 0  9995
2 89140 098.7523 002.9701 0006954 095.8743 264.3233 14.31858533122994
1 89142U          18355.46789056 +.00018398 +00000-0 +12383-1 0  9998
2 89142 065.0416 222.8069 3458177 031.3282 345.3833 08.08678621092793
1 89143U          18355.61703155 +.00037188 +00000-0 +68023-2 0  9993
2 89143 065.0923 186.5393 0915951 120.7338 248.7171 13.28346623044478
1 89146U          18355.36616880 +.00000309 +00000-0 +89485-4 0  9998
2 89146 098.0521 318.6579 0120457 337.2091 022.3781 14.47053935259312
1 89158U          18354.21641854 +.00003090 +00000-0 +39705-3 0  9992
2 89158 098.8186 266.2466 0101521 094.7288 266.5522 14.78448619112647
1 89161U          18355.10579594 +.00000576 +00000-0 +89825-4 0  9991
2 89161 097.8857 053.3229 0137550 116.0631 245.4809 14.70438789171118
1 89171U          18355.04247752 +.00003919 +00000-0 +43380-3 0  9992
2 89171 099.0277 028.5071 0068940 177.9756 182.1748 14.86349264173935
1 89172U 81053    18351.68651925 +.00000257 +00000-0 +64204-4 0  9998
2 89172 082.0406 348.8866 0411575 231.5762 124.7796 14.08474070240244
1 89177U          18348.77419559 +.00000040 +00000-0 +26852-4 0  9994
2 89177 082.9207 002.6197 0033619 050.0970 310.3132 13.73350983712241
1 89183U          18355.30119403 +.00000208 +00000-0 +22882-3 0  9997
2 89183 099.1099 302.7349 0134673 082.7856 278.8584 13.78738578255557
1 89184U          18355.31151866 +.00000904 +00000-0 +31869-3 0  9996
2 89184 098.5127 183.8345 0020602 296.4013 063.5059 14.37070689123718
1 89190U          18354.56759227 +.00015491 +00000-0 +13630-2 0  9996
2 89190 098.6802 117.3602 0074587 273.6214 085.6475 14.94471706171588
1 89195U          18354.33003964 +.00000595 +00000-0 +28499-3 0  9995
2 89195 098.8623 038.0465 0028740 069.1973 291.2279 14.22595142164303
1 89206U          18354.49148917 +.00001093 +00000-0 +50249-3 0  9995
2 89206 098.7686 004.9628 0030736 023.0838 337.1713 14.23018567122381
1 89213U          18354.09084316 -.00000027 +00000-0 +10110-4 0  9992
2 89213 098.7768 314.4687 0233102 249.9678 107.6250 13.88868677098548
1 89218U          18352.05324152 -.00000118 +00000-0 -62671-4 0  9997
2 89218 100.3726 026.4424 0105203 075.7473 285.5332 13.78995283782803
1 89236U          18355.13108859 +.00000762 +00000-0 +51062-3 0  9997
2 89236 099.2195 321.5291 0112451 018.5360 039.8469 14.00978660284515
1 89255U          18355.52044014 +.00000116 +00000-0 +19678-3 0  9993
2 89255 098.6624 093.3152 0364592 048.5376 314.6464 13.36596771154322
1 89261U          18355.60719131 +.00000111 +00000-0 +50098-4 0  9995
2 89261 098.3771 052.7086 0012622 288.6695 071.3122 14.38899584167085
1 89269U          18355.33160523 +.00242710 +12136-4 +40174-2 0  9990
2 89269 064.2608 341.3408 0812967 359.4742 000.5384 14.07501717148435
1 89281U          18354.41633689 +.00001299 +00000-0 +41920-3 0  9999
2 89281 099.3427 336.8955 0017771 127.4315 029.9205 14.41031257266110
1 89285U          18355.55936758 +.00025716 +00000-0 +20528-2 0  9992
2 89285 062.9428 138.8637 2590416 031.6701 341.6745 10.09261451076468
1 89291U          18355.04425396 +.00000826 +00000-0 +94217-4 0  9997
2 89291 098.0183 087.5925 0131951 074.8890 286.6877 14.82842429169309
1 89314U          18355.05953528 +.00006683 +00000-0 +59309-2 0  9995
2 89314 018.8020 160.7515 7195296 123.5741 325.7979 02.35269309026822
1 89327U          18355.33129087 +.00000114 +00000-0 +87455-4 0  9993
2 89327 082.5270 215.9379 0010428 153.1719 206.9983 13.85424948121260
1 89341U          18355.53737773 +.00007177 +00000-0 +26016-3 0  9999
2 89341 098.1459 256.4075 0013859 176.3876 183.7464 15.28632662361673
1 89347U          18355.38607817 +.00004169 +00000-0 +93517-3 0  9991
2 89347 086.2920 023.0914 0021612 242.1199 175.7679 14.56252672124705
1 89349U          18351.31280708 +.00000211 +00000-0 +72001-3 0  9997
2 89349 090.3033 304.7555 0031400 121.8293 238.5890 12.95358593148228
1 89379U          18354.99907699 +.00000147 +00000-0 +32636-3 0  9990
2 89379 100.4914 189.1033 0046619 172.6994 187.4823 13.45822486236542
1 89381U          18354.41201424 +.00004463 +00000-0 +98958-3 0  9997
2 89381 098.7939 065.3855 0082563 106.1938 254.8362 14.55546224103013
1 89389U          18354.07988426 +.00001153 +00000-0 +18809-3 0  9991
2 89389 074.0501 027.1679 0084550 011.0302 349.2696 14.69842448166841
1 89390U          18354.23126584 +.00003627 +00000-0 +42282-3 0  9990
2 89390 098.9787 351.9486 0043572 155.9537 204.3722 14.85315996316024
1 89391U          18355.08592130 +.00001036 +00000-0 +10702-3 0  9993
2 89391 097.4434 220.2052 0209579 233.8236 124.3432 14.77470197048272
1 89395U          18354.51911024 -.00000203 +00000-0 -18318-2 0  9998
2 89395 102.4663 071.2384 0226413 140.1298 338.0893 12.01091726287185
1 89400U          18347.24932729 -.00000018 +00000-0 +00000-0 0  9992
2 89400 063.2328 310.5918 2520509 074.6898 311.6456 08.13750832196132
1 89403U          18354.32060735 -.00000758 +00000-0 -26913-2 0  9996
2 89403 090.2991 303.4306 0028082 102.3273 051.8757 12.95944942147366
1 89410U          18354.87000524 +.00000202 +00000-0 +19391-3 0  9999
2 89410 082.9435 317.1066 0026250 260.6906 099.1282 13.75613456236578
1 89438U          18352.49012976 +.00006176 +00000-0 +65206-3 0  9991
2 89438 086.3686 006.2628 0016589 253.3137 106.6268 14.89014847165623
1 89453U          18355.61582201 +.00001523 +00000-0 +11917-3 0  9999
2 89453 097.3343 227.3316 0157870 144.9725 216.2003 14.93075631125656
1 89460U          18355.27677211 +.00000350 +00000-0 +78623-3 0  9999
2 89460 100.3169 106.5708 0061239 222.3110 137.3281 13.34318666092881
1 89483U          18352.73424550 +.00000792 +00000-0 +99888-4 0  9995
2 89483 099.5025 177.6717 0273952 264.6760 092.3129 14.63057300122920
1 89484U          18326.08003253 -.00000003 +00000-0 +00000-0 0  9998
2 89484 085.6619 004.4959 2328445 279.6856 055.0726 08.82368402184292
1 89490U          18354.25739701 +.00001236 +00000-0 +64000-3 0  9990
2 89490 098.3749 022.8072 0133919 081.5931 280.0398 14.12002428118695
1 89492U          18347.67865118 +.00000623 +00000-0 +46837-3 0  9999
2 89492 082.5345 330.3777 0030238 084.2847 276.1764 13.92742369257733
1 89493U          18355.45993424 +.00000541 +00000-0 +35055-3 0  9996
2 89493 099.1940 000.0840 0093625 315.0250 044.3360 14.05125963105248
1 89494U          18355.24842107 +.00000486 +00000-0 +31733-3 0  9992
2 89494 099.1947 359.8833 0093947 315.6627 043.7043 14.05117604105079
1 89496U          18355.02980740 +.00002211 +00000-0 +31787-3 0  9993
2 89496 098.8680 277.6399 0100299 142.6555 218.1678 14.74225748102357
